0.0001274569658562541
9.14520351216197e-05
9.588495595380664e-05
0.00010161398677155375
0.0001014719600789249
8.771999273449183e-05
9.616999886929989e-05
0.00010862399358302355
0.00010258698603138328
8.348800474777818e-05
8.692499250173569e-05
0.0001274090027436614
8.795998292043805e-05
9.174697333946824e-05
9.429303463548422e-05
9.280996164306998e-05
9.22969775274396e-05
0.0001070889993570745
9.360298281535506e-05
8.9749984908849e-05
8.682400221005082e-05
9.099801536649466e-05
9.320903336629272e-05
9.983300697058439e-05
0.00010480498895049095
9.156402666121721e-05
8.925999281927943e-05
9.151099948212504e-05
9.1959023848176e-05
8.949899347499013e-05
0.00015213002916425467
9.504001354798675e-05
8.646701462566853e-05
8.90899682417512e-05
0.00010956003097817302
0.00010556099005043507
9.857496479526162e-05
0.00010544597171247005
0.00011897599324584007
0.00011418998474255204
9.9696044344455e-05
8.743500802665949e-05
9.419897105544806e-05
0.00010645500151440501
9.66930529102683e-05
8.412502938881516e-05
8.730398258194327e-05
0.00010879902401939034
9.209197014570236e-05
9.61380428634584e-05
0.00010151497554033995
0.00010249798651784658
7.498799823224545e-05
9.61130135692656e-05
0.00010444998042657971
9.063503239303827e-05
0.0001043920055963099
9.540596511214972e-05
9.91160050034523e-05
7.45339784771204e-05
8.067599264904857e-05
8.411600720137358e-05
8.122000144794583e-05
8.075498044490814e-05
