0.09722963301464915
0.08528661000309512
0.0850273389951326
0.08951664704363793
0.08552003401564434
0.08593120001023635
0.08554148598341271
0.08528820204082876
0.09023442701436579
0.08611731400014833
0.08681507199071348
0.08646940701873973
0.08713524701306596
0.08753631502622738
0.0876893550157547
0.08774399501271546
0.08636165299685672
0.06698310800129548
0.05369269201764837
0.059750764979980886
0.05871017201570794
0.05518547695828602
0.05419840099057183
0.054171207011677325
0.05546592501923442
0.054990596952848136
0.06715875503141433
0.05423960700863972
0.05368434695992619
0.05588219402125105
0.051424855017103255
0.05264238402014598
0.006020308006554842
0.005839695979375392
0.005903329001739621
0.006011108052916825
0.005914937995839864
0.006031504017300904
0.005962776951491833
0.005854812974575907
0.005873479007277638
0.005917400005273521
0.006017906009219587
0.00598023395286873
0.0059597400249913335
0.006031848024576902
0.005913648987188935
0.005967269011307508
0.006033685989677906
0.006035620986949652
0.005992905993480235
0.006026712013408542
0.006068860006053001
0.005946010001935065
0.005958910973276943
0.005914020992349833
0.005799614998977631
0.005953175015747547
0.005891152017284185
0.005901783995795995
0.005815513955894858
0.005875738977920264
0.005776157020591199
0.005821406026370823
