0.10752153396606445
0.1844956874847412
0.05171060562133789
0.05405473709106445
0.04609203338623047
0.04926705360412598
0.04637479782104492
0.05305790901184082
0.04650306701660156
0.052106380462646484
0.04628109931945801
0.0553593635559082
0.0478057861328125
0.05687761306762695
0.04831337928771973
0.05398702621459961
0.04688072204589844
0.04929780960083008
0.04670071601867676
0.051741600036621094
0.04276108741760254
0.04073691368103027
0.03627371788024902
0.04436016082763672
0.03586077690124512
0.04011845588684082
0.03587532043457031
0.04552483558654785
0.03625774383544922
0.040961503982543945
0.03650212287902832
0.044709205627441406
0.03601384162902832
0.04032135009765625
0.03581666946411133
0.04403376579284668
0.03585386276245117
0.04011106491088867
0.036041975021362305
0.04511094093322754
0.04321002960205078
0.042838335037231445
0.03631329536437988
0.043692588806152344
0.035715341567993164
0.04350686073303223
0.03745412826538086
0.045160770416259766
0.04020214080810547
0.04031038284301758
0.0346074104309082
0.04471230506896973
0.03545045852661133
0.040537357330322266
0.03502011299133301
0.04405617713928223
0.03456234931945801
0.04188871383666992
0.035900115966796875
0.04361391067504883
0.03538084030151367
0.03977513313293457
0.034720420837402344
0.043027639389038086
0.11714482307434082
0.053235530853271484
0.015877485275268555
0.02893805503845215
0.014729976654052734
0.023313283920288086
0.014911174774169922
0.02315545082092285
0.01461338996887207
0.026105403900146484
0.014543533325195312
0.022885560989379883
0.014375925064086914
0.023037433624267578
0.014592647552490234
0.02647566795349121
0.014440536499023438
0.02271437644958496
0.014476537704467773
0.022814273834228516
0.014711380004882812
0.02332139015197754
0.014427900314331055
0.02313399314880371
0.014744758605957031
0.022790908813476562
0.014483928680419922
0.022719621658325195
0.01727437973022461
0.022795915603637695
0.014398574829101562
0.022665977478027344
0.01436614990234375
0.023526668548583984
0.014671802520751953
0.02269458770751953
0.014553546905517578
0.02277064323425293
0.014351367950439453
0.02285146713256836
0.01719522476196289
0.0228884220123291
0.017755985260009766
0.02295374870300293
0.014817953109741211
0.02301955223083496
0.014520406723022461
0.023000478744506836
0.014497995376586914
0.023107528686523438
0.014539241790771484
0.025939464569091797
0.014382123947143555
0.023696184158325195
0.014469146728515625
0.02281498908996582
0.014422178268432617
0.022753238677978516
0.014385223388671875
0.0228116512298584
0.014589309692382812
0.02284073829650879
0.017471790313720703
0.022741317749023438
0.014337301254272461
0.024710655212402344
0.038217782974243164
0.04320383071899414
0.013089895248413086
0.023722410202026367
0.01454925537109375
0.02302718162536621
0.014420509338378906
0.022714614868164062
0.014373302459716797
0.022652387619018555
0.014405250549316406
0.022694826126098633
0.014386415481567383
0.02558612823486328
0.01452016830444336
0.02271890640258789
0.014241218566894531
0.02261948585510254
0.01442408561706543
0.022818565368652344
0.014919281005859375
0.022933006286621094
0.014531612396240234
0.02269887924194336
0.01456761360168457
0.022865772247314453
0.014507055282592773
0.022951126098632812
0.014540433883666992
0.026369333267211914
0.014493227005004883
0.022825956344604492
0.01447916030883789
0.02567577362060547
0.014426231384277344
0.022757291793823242
0.014262676239013672
0.02257561683654785
0.014388561248779297
0.02258133888244629
0.014339685440063477
0.02290034294128418
0.0154876708984375
0.02301955223083496
0.014569997787475586
0.025936365127563477
0.014568567276000977
0.02294468879699707
0.014497041702270508
0.02645111083984375
0.014393806457519531
0.022754192352294922
0.014364480972290039
0.022925853729248047
0.014276504516601562
0.022876501083374023
0.01437234878540039
0.022550582885742188
0.01428985595703125
0.022787094116210938
0.014507532119750977
0.02718353271484375
0.014492273330688477
0.022806882858276367
0.014456033706665039
0.026318073272705078
0.03731822967529297
0.04292726516723633
0.01318812370300293
0.023253202438354492
0.0143890380859375
0.022790908813476562
0.014559507369995117
0.025892019271850586
0.014513492584228516
0.0229034423828125
0.014522075653076172
0.02622509002685547
0.014297246932983398
0.022627592086791992
0.014269351959228516
0.022649765014648438
0.014153242111206055
0.02264547348022461
0.014528989791870117
0.022822856903076172
0.014559030532836914
0.02608346939086914
0.014590978622436523
0.022721290588378906
0.014488935470581055
0.022914886474609375
0.014495849609375
0.025688886642456055
0.014467954635620117
0.02261805534362793
0.014373064041137695
0.022719383239746094
0.014452695846557617
0.022778749465942383
0.014659643173217773
0.026886940002441406
0.014638423919677734
0.022730588912963867
0.014893770217895508
0.02315044403076172
0.014717817306518555
0.023767948150634766
0.014838218688964844
0.023256301879882812
0.014579534530639648
0.022713422775268555
0.014460325241088867
0.026129961013793945
0.014303207397460938
0.022811412811279297
0.014400959014892578
0.02271747589111328
0.014423847198486328
0.02296590805053711
0.01764225959777832
0.022880077362060547
0.014314413070678711
0.022599458694458008
0.014407634735107422
0.025826692581176758
0.014570474624633789
0.022800922393798828
0.014571189880371094
0.022648096084594727
0.014451980590820312
0.02264404296875
0.037043094635009766
0.042086124420166016
0.016613245010375977
0.023538589477539062
0.014657258987426758
0.0228271484375
0.014454126358032227
0.022913455963134766
0.01448965072631836
0.022620677947998047
0.014303922653198242
0.02263617515563965
0.014396429061889648
0.022562742233276367
0.01440882682800293
0.026190996170043945
0.014508247375488281
0.022691011428833008
0.01442098617553711
0.02271127700805664
0.014445781707763672
0.023056745529174805
0.014533042907714844
0.026175498962402344
0.014519214630126953
0.022882938385009766
0.014435052871704102
0.022922515869140625
0.018192529678344727
0.02278423309326172
0.014429330825805664
0.022702932357788086
0.014560937881469727
0.02272176742553711
0.014397144317626953
0.02271294593811035
0.014270544052124023
0.022654056549072266
0.014428853988647461
0.022628068923950195
0.014317750930786133
0.02267169952392578
0.014391422271728516
0.022694826126098633
0.014490842819213867
0.022761821746826172
0.014711856842041016
0.026864290237426758
0.014395475387573242
0.02270197868347168
0.014356851577758789
0.022803068161010742
0.014602899551391602
0.02618408203125
0.01452493667602539
0.022783756256103516
0.014347553253173828
0.022478342056274414
0.014324426651000977
0.022729873657226562
0.0144500732421875
0.022886276245117188
0.014490127563476562
0.026370525360107422
0.014421939849853516
0.022581815719604492
0.037603139877319336
0.04411959648132324
0.012929916381835938
0.023243427276611328
0.015270233154296875
0.023078441619873047
0.01542043685913086
0.026348114013671875
0.014817237854003906
0.022768020629882812
0.014498233795166016
0.02259683609008789
0.01446533203125
0.022681474685668945
0.014454841613769531
0.022797346115112305
0.014429092407226562
0.0227658748626709
0.014257192611694336
0.02679586410522461
0.014368772506713867
0.022821426391601562
0.014334917068481445
0.02303290367126465
0.014616012573242188
0.02311873435974121
0.014512777328491211
0.026238441467285156
0.014536142349243164
0.022944211959838867
0.015483617782592773
0.022693872451782227
0.017994165420532227
0.022769689559936523
0.014441967010498047
0.022815942764282227
0.014296293258666992
0.02269721031188965
0.014490842819213867
0.0264739990234375
0.01420736312866211
0.022681474685668945
0.014959335327148438
0.022855043411254883
0.014298677444458008
0.022942066192626953
0.014566183090209961
0.026271343231201172
0.014232397079467773
0.022643327713012695
0.01413726806640625
0.022852182388305664
0.014322757720947266
0.02654576301574707
0.014315366744995117
0.02285623550415039
0.014354944229125977
0.026264429092407227
0.014276504516601562
0.0228116512298584
0.014500617980957031
0.02282094955444336
0.0177609920501709
0.022681236267089844
0.014402627944946289
0.022716999053955078
0.03746175765991211
0.04222512245178223
0.013916969299316406
0.02361917495727539
0.014400959014892578
0.022707223892211914
0.014468669891357422
0.022888660430908203
0.01783895492553711
0.02293252944946289
0.014295578002929688
0.02268505096435547
0.014219284057617188
0.022612810134887695
0.014259099960327148
0.02272820472717285
0.014190196990966797
0.02285480499267578
0.014480113983154297
0.0262448787689209
0.01455545425415039
0.022915363311767578
0.014277458190917969
0.022947311401367188
0.014474868774414062
0.022743940353393555
0.014349222183227539
0.02260899543762207
0.014461278915405273
0.022550344467163086
0.014297723770141602
0.02628612518310547
0.014379501342773438
0.022737503051757812
0.014316082000732422
0.022736310958862305
0.014355897903442383
0.02258610725402832
0.014258146286010742
0.02267742156982422
0.014226913452148438
0.022811412811279297
0.014423370361328125
0.022701025009155273
0.014345407485961914
0.02278614044189453
0.014344453811645508
0.02623438835144043
0.014301061630249023
0.02298712730407715
0.014369487762451172
0.0226438045501709
0.014432668685913086
0.023012399673461914
0.014378070831298828
0.022910594940185547
0.01739335060119629
0.022699356079101562
0.014310836791992188
0.02270221710205078
0.01428532600402832
0.022881269454956055
0.014089345932006836
0.022780895233154297
0.014392614364624023
0.026277780532836914
0.037328481674194336
0.042734384536743164
0.012876033782958984
0.02324509620666504
0.014529943466186523
0.022828102111816406
0.014458179473876953
0.022873640060424805
0.014770269393920898
0.022844552993774414
0.014358758926391602
0.026580095291137695
0.014231443405151367
0.022788047790527344
0.014482975006103516
0.022959470748901367
0.014326095581054688
0.03045487403869629
0.014847040176391602
0.023424625396728516
0.014556884765625
0.023436784744262695
0.014691591262817383
0.023324966430664062
0.014812231063842773
0.023261308670043945
0.014657735824584961
0.0233461856842041
0.014392614364624023
0.02263331413269043
0.014272451400756836
0.026111125946044922
0.014357805252075195
0.022588014602661133
0.014387369155883789
0.02281475067138672
0.014499664306640625
0.02717304229736328
0.014420270919799805
0.022652626037597656
0.014266252517700195
0.02292037010192871
0.01441335678100586
0.02290034294128418
0.01425933837890625
0.02271723747253418
0.014336585998535156
0.02267909049987793
0.014187097549438477
0.022816181182861328
0.01815485954284668
0.022824525833129883
0.014497518539428711
0.022876262664794922
0.01439976692199707
0.02290511131286621
0.014302968978881836
0.026558876037597656
0.014320611953735352
0.022777795791625977
0.014446020126342773
0.02278757095336914
0.014300107955932617
0.022623777389526367
0.014235973358154297
0.022907018661499023
0.03735017776489258
0.04662513732910156
0.012691974639892578
0.0234529972076416
0.014474153518676758
0.022928237915039062
0.014316082000732422
0.02284717559814453
0.014195442199707031
0.022950410842895508
0.014353513717651367
0.02261209487915039
0.014282464981079102
0.026955842971801758
0.014528989791870117
0.022688627243041992
0.014284133911132812
0.02276754379272461
0.014373064041137695
0.0265500545501709
0.014374732971191406
0.022959470748901367
0.01416635513305664
0.022907257080078125
0.014636993408203125
0.027255773544311523
0.014436483383178711
0.022696256637573242
0.014257192611694336
0.027968645095825195
0.014307498931884766
0.022850990295410156
0.014479637145996094
0.02704000473022461
0.014327049255371094
0.02278447151184082
0.014381647109985352
0.022563457489013672
0.014221429824829102
0.02272820472717285
0.014176607131958008
0.02676558494567871
0.014408588409423828
0.022663354873657227
0.014293432235717773
0.022838830947875977
0.014518260955810547
0.026790380477905273
0.014317512512207031
0.022690773010253906
0.014245986938476562
0.02268218994140625
0.01433110237121582
0.022933244705200195
0.014271020889282227
0.02286696434020996
0.014325618743896484
0.022810697555541992
0.014259815216064453
0.027724266052246094
0.014430999755859375
0.022896766662597656
0.014179229736328125
0.022574901580810547
0.014362096786499023
0.02254796028137207
0.03795814514160156
0.04424142837524414
0.012893915176391602
0.02413630485534668
0.014742612838745117
0.023138761520385742
0.01462697982788086
0.023072242736816406
0.01463937759399414
0.022824525833129883
0.014273881912231445
0.027326345443725586
0.014435291290283203
0.022685527801513672
0.01433873176574707
0.022731781005859375
0.014215707778930664
0.022605180740356445
0.014337301254272461
0.022892236709594727
0.01456761360168457
0.022954702377319336
0.014382123947143555
0.026433467864990234
0.014464378356933594
0.022989273071289062
0.014525175094604492
0.02271294593811035
0.014314413070678711
0.027480125427246094
0.014273881912231445
0.022722482681274414
0.018214702606201172
0.022716522216796875
0.014373064041137695
0.02292656898498535
0.01422119140625
0.022694110870361328
0.014360189437866211
0.022584915161132812
0.014262199401855469
0.022652864456176758
0.014226198196411133
0.022925376892089844
0.014399051666259766
0.0267179012298584
0.014299631118774414
0.022671222686767578
0.014442205429077148
0.022788524627685547
0.014657258987426758
0.022710084915161133
0.014379739761352539
0.022822141647338867
0.014258623123168945
0.022904157638549805
0.014319419860839844
0.027782440185546875
0.014348506927490234
0.022868871688842773
0.014522552490234375
0.027783870697021484
0.014333724975585938
0.02265310287475586
0.014273643493652344
0.02285313606262207
0.03810858726501465
0.04309797286987305
0.012870550155639648
0.023303747177124023
0.014531135559082031
0.022815465927124023
0.014419794082641602
0.022841930389404297
0.014510869979858398
0.022792816162109375
0.014411687850952148
0.022760868072509766
0.014318227767944336
0.02266407012939453
0.01433706283569336
0.026648283004760742
0.014325857162475586
0.022604703903198242
0.01439976692199707
0.022998809814453125
0.014512062072753906
0.022988319396972656
0.014357328414916992
0.022754907608032227
0.014417171478271484
0.026478052139282227
0.014545917510986328
0.0227658748626709
0.018508434295654297
0.02276778221130371
0.014316797256469727
0.022796630859375
0.014357805252075195
0.022786378860473633
0.014440059661865234
0.02274155616760254
0.014239311218261719
0.02281355857849121
0.014381170272827148
0.02260112762451172
0.014356136322021484
0.0264890193939209
0.014494180679321289
0.022713899612426758
0.014303207397460938
0.0226590633392334
0.01435542106628418
0.022780179977416992
0.014265775680541992
0.02264714241027832
0.014211177825927734
0.02271413803100586
0.01428675651550293
0.022989749908447266
0.014346122741699219
0.02675175666809082
0.014133691787719727
0.022498607635498047
0.015048742294311523
0.022879600524902344
0.014440298080444336
0.02807331085205078
0.015390396118164062
0.023466825485229492
0.01501917839050293
0.023725509643554688
0.03841233253479004
0.04407215118408203
0.013401031494140625
0.024181127548217773
0.015076160430908203
0.023609161376953125
0.017231464385986328
0.024896860122680664
0.014130830764770508
0.027168989181518555
0.014277935028076172
0.022710800170898438
0.014348268508911133
0.022500991821289062
0.01412820816040039
0.022430419921875
0.014097213745117188
0.026508808135986328
0.014267444610595703
0.02260875701904297
0.01421356201171875
0.022788286209106445
0.014162063598632812
0.02286052703857422
0.014492034912109375
0.026683330535888672
0.014274120330810547
0.022562026977539062
0.014269351959228516
0.022594928741455078
0.01437520980834961
0.02619171142578125
0.014296293258666992
0.022467613220214844
0.014246702194213867
0.022660017013549805
0.014228343963623047
0.02253413200378418
0.014135599136352539
0.022338390350341797
0.014183521270751953
0.022686004638671875
0.01437830924987793
0.027363061904907227
0.014371871948242188
0.022644996643066406
0.014400005340576172
0.026517152786254883
0.014231681823730469
0.02253866195678711
0.014251232147216797
0.02259969711303711
0.014075994491577148
0.022919416427612305
0.01435542106628418
0.022591114044189453
0.017276287078857422
0.022463083267211914
0.014102935791015625
0.022494792938232422
0.014092683792114258
0.022621870040893555
0.014059066772460938
0.02234053611755371
0.014046669006347656
0.02245330810546875
0.03786873817443848
0.0435636043548584
0.012792587280273438
0.023135662078857422
0.014322519302368164
0.022622346878051758
0.014189004898071289
0.022528886795043945
0.014216423034667969
0.022472381591796875
0.014105796813964844
0.02254772186279297
0.014033794403076172
0.022444486618041992
0.0142669677734375
0.022656917572021484
0.014190435409545898
0.022558927536010742
0.014225959777832031
0.022722244262695312
0.014346837997436523
0.022704124450683594
0.014295339584350586
0.026538848876953125
0.014242172241210938
0.022755146026611328
0.01406550407409668
0.022541046142578125
0.014182329177856445
0.022463321685791016
0.01398921012878418
0.022556066513061523
0.014176607131958008
0.022519826889038086
0.014307975769042969
0.022774934768676758
0.014229774475097656
0.022549867630004883
0.01414036750793457
0.02252364158630371
0.014123916625976562
0.026454687118530273
0.014631271362304688
0.02248072624206543
0.01409602165222168
0.022504806518554688
0.014398813247680664
0.022582054138183594
0.014088153839111328
0.0234982967376709
0.0140838623046875
0.023610353469848633
0.014578104019165039
0.023317575454711914
0.014707326889038086
0.023211002349853516
0.014575481414794922
0.02297663688659668
0.014558553695678711
0.023094892501831055
0.014374732971191406
0.023157119750976562
0.014342546463012695
0.022849559783935547
0.014397144317626953
0.022490978240966797
0.03819727897644043
0.04385948181152344
0.012708902359008789
0.02311849594116211
0.014146804809570312
0.022710561752319336
0.014431238174438477
0.02256488800048828
0.015775203704833984
0.022710561752319336
0.014206647872924805
0.022661685943603516
0.014180421829223633
0.022532939910888672
0.014165639877319336
0.022536516189575195
0.014240026473999023
0.02335810661315918
0.01440572738647461
0.022469758987426758
0.014364242553710938
0.02281498908996582
0.014178276062011719
0.022591590881347656
0.01421666145324707
0.022581100463867188
0.01425790786743164
0.022526979446411133
0.01423788070678711
0.022564411163330078
0.014141559600830078
0.022511005401611328
0.014343500137329102
0.022545337677001953
0.014177322387695312
0.02269744873046875
0.014057159423828125
0.02236199378967285
0.014285564422607422
0.022557497024536133
0.014096975326538086
0.022607088088989258
0.014297962188720703
0.022528886795043945
0.014241456985473633
0.02266836166381836
0.014284849166870117
0.022460222244262695
0.014206886291503906
0.022667646408081055
0.014133214950561523
0.022592782974243164
0.014299154281616211
0.022783756256103516
0.014149188995361328
0.022702932357788086
0.014179229736328125
0.022444725036621094
0.014147281646728516
0.022614717483520508
0.014087915420532227
0.0228116512298584
0.01429891586303711
0.027628421783447266
0.014561176300048828
0.022571802139282227
0.037415266036987305
0.043517351150512695
0.012820959091186523
0.02324843406677246
0.01413869857788086
0.022637128829956055
0.014176130294799805
0.0226132869720459
0.014209985733032227
0.02260613441467285
0.014047861099243164
0.022534847259521484
0.014139890670776367
0.022637128829956055
0.014261722564697266
0.0224456787109375
0.01418614387512207
0.02632904052734375
0.014258623123168945
0.022743940353393555
0.014335393905639648
0.027626514434814453
0.014354467391967773
0.022621631622314453
0.014334440231323242
0.022512435913085938
0.014336109161376953
0.02238607406616211
0.014074325561523438
0.02236175537109375
0.01410055160522461
0.022481918334960938
0.014137506484985352
0.022582292556762695
0.014191865921020508
0.02255535125732422
0.014106273651123047
0.02245163917541504
0.014054536819458008
0.026387929916381836
0.01430368423461914
0.02265167236328125
0.01419973373413086
0.02309393882751465
0.014417648315429688
0.02680230140686035
0.014292001724243164
0.022707700729370117
0.014379739761352539
0.022615432739257812
0.01407313346862793
0.027233123779296875
0.014404773712158203
0.022788286209106445
0.01415705680847168
0.02279520034790039
0.01421046257019043
0.02231621742248535
0.014193534851074219
0.022733688354492188
0.014139652252197266
0.022585630416870117
0.014241456985473633
0.02242755889892578
0.014078378677368164
0.022551774978637695
0.03769946098327637
0.04323267936706543
0.012742757797241211
0.023145437240600586
0.01412820816040039
0.02258157730102539
0.014236211776733398
0.022747039794921875
0.014214038848876953
0.022620439529418945
0.014263153076171875
0.026424646377563477
0.014126062393188477
0.022408246994018555
0.014264345169067383
0.022492647171020508
0.014093160629272461
0.022417068481445312
0.014263153076171875
0.022489547729492188
0.014340639114379883
0.022998332977294922
0.014315128326416016
0.022577285766601562
0.014388322830200195
0.02271437644958496
0.01434326171875
0.027638912200927734
0.01426076889038086
0.022411108016967773
0.014171123504638672
0.02248406410217285
0.014238119125366211
0.022614002227783203
0.014143943786621094
0.022827625274658203
0.01435089111328125
0.022374391555786133
0.014115571975708008
0.026313304901123047
0.014235734939575195
0.02264571189880371
0.014167070388793945
0.0228273868560791
0.014323711395263672
0.026446819305419922
0.014364957809448242
0.022339820861816406
0.014103412628173828
0.02263355255126953
0.014065265655517578
0.02254652976989746
0.014241933822631836
0.022594690322875977
0.014188766479492188
0.022858619689941406
0.014086246490478516
0.02254176139831543
0.014269113540649414
0.02249002456665039
0.014195680618286133
0.02283501625061035
0.01421213150024414
0.02261185646057129
0.014314413070678711
0.022378206253051758
0.03754091262817383
0.043357133865356445
0.012663841247558594
0.02336430549621582
0.014148950576782227
0.022583723068237305
0.014379501342773438
0.02253890037536621
0.014264345169067383
0.026389122009277344
0.014211893081665039
0.022489309310913086
0.014038562774658203
0.022608041763305664
0.014256000518798828
0.02641773223876953
0.014356136322021484
0.02238774299621582
0.01418304443359375
0.022694826126098633
0.014141321182250977
0.022830486297607422
0.018172502517700195
0.02265000343322754
0.014218807220458984
0.02253246307373047
0.014175891876220703
0.022416114807128906
0.014055728912353516
0.022355318069458008
0.014076471328735352
0.022610187530517578
0.014276266098022461
0.022563457489013672
0.01427912712097168
0.023128032684326172
0.014304399490356445
0.026709318161010742
0.014231443405151367
0.022560596466064453
0.014270305633544922
0.022718191146850586
0.014294624328613281
0.022862911224365234
0.014147758483886719
0.02616596221923828
0.014188528060913086
0.02252483367919922
0.014279365539550781
0.022705793380737305
0.014225244522094727
0.02733159065246582
0.014220476150512695
0.02274012565612793
0.014299154281616211
0.02247905731201172
0.01407766342163086
0.022512435913085938
0.014120340347290039
0.02256488800048828
0.014052629470825195
0.022575855255126953
0.014082670211791992
0.022388935089111328
0.014165878295898438
0.022557735443115234
0.03784513473510742
0.04256176948547363
0.012650728225708008
0.023158788681030273
0.01423192024230957
0.02272939682006836
0.014129161834716797
0.022696495056152344
0.014252424240112305
0.026543855667114258
0.014278173446655273
0.022504091262817383
0.014065742492675781
0.022666215896606445
0.014695167541503906
0.022504806518554688
0.014066457748413086
0.022582054138183594
0.014081478118896484
0.027260303497314453
0.014418363571166992
0.02285289764404297
0.014197349548339844
0.022502899169921875
0.014258623123168945
0.022769927978515625
0.014239072799682617
0.022577524185180664
0.014421701431274414
0.02730274200439453
0.014046907424926758
0.022688627243041992
0.014410257339477539
0.022500276565551758
0.01438593864440918
0.026352405548095703
0.014452695846557617
0.02247476577758789
0.014597654342651367
0.02256178855895996
0.014119863510131836
0.022684574127197266
0.014316320419311523
0.02650594711303711
0.014387369155883789
0.022672653198242188
0.014230489730834961
0.0226895809173584
0.014044523239135742
0.026277780532836914
0.014260053634643555
0.022626876831054688
0.014281988143920898
0.022721052169799805
0.014124393463134766
0.027112722396850586
0.014197111129760742
0.02257061004638672
0.01812887191772461
0.02269268035888672
0.014246702194213867
0.022482633590698242
0.014111042022705078
0.022506237030029297
0.014129877090454102
0.02260136604309082
0.037832021713256836
0.043493032455444336
0.012630939483642578
0.02319645881652832
0.01433706283569336
0.022695302963256836
0.014415502548217773
0.022788524627685547
0.014226913452148438
0.02254796028137207
0.01846146583557129
0.02257394790649414
0.014352560043334961
0.03677678108215332
0.014652729034423828
0.022958993911743164
0.01406717300415039
0.025947093963623047
0.014194488525390625
0.02258467674255371
0.014355659484863281
0.022693395614624023
0.014302253723144531
0.022730350494384766
0.014386892318725586
0.026561975479125977
0.014549732208251953
0.022803306579589844
0.014316320419311523
0.02258896827697754
0.01402139663696289
0.02241969108581543
0.014209270477294922
0.02267765998840332
0.014246940612792969
0.02716207504272461
0.01411747932434082
0.022469758987426758
0.014199495315551758
0.022549867630004883
0.014105796813964844
0.022549867630004883
0.014127016067504883
0.022785186767578125
0.014257192611694336
0.026169538497924805
0.014350175857543945
0.02234506607055664
0.013972759246826172
0.022594451904296875
0.014277935028076172
0.022538185119628906
0.014182329177856445
0.022679567337036133
0.014261007308959961
0.022812604904174805
0.01422429084777832
0.022459745407104492
0.014222145080566406
0.022555112838745117
0.014142274856567383
0.02698993682861328
0.014144420623779297
0.022459030151367188
0.014080524444580078
0.022423744201660156
0.0377194881439209
0.04338431358337402
0.012740373611450195
0.023062705993652344
0.014120817184448242
0.022778749465942383
0.01436471939086914
0.022645235061645508
0.014247417449951172
0.0262753963470459
0.014253377914428711
0.022571325302124023
0.018161535263061523
0.02245306968688965
0.014198064804077148
0.022650480270385742
0.014101505279541016
0.026912212371826172
0.01418447494506836
0.02250051498413086
0.014208555221557617
0.022716045379638672
0.014125585556030273
0.022608518600463867
0.014250993728637695
0.022625207901000977
0.014201879501342773
0.02258014678955078
0.01405787467956543
0.022394418716430664
0.01412510871887207
0.022453784942626953
0.014333963394165039
0.022618770599365234
0.014113664627075195
0.022841691970825195
0.014108419418334961
0.02787494659423828
0.014175176620483398
0.02240920066833496
0.014139413833618164
0.02260446548461914
0.014174699783325195
0.022696733474731445
0.014296770095825195
0.022576093673706055
0.014314651489257812
0.022553682327270508
0.014189720153808594
0.02266073226928711
0.014180898666381836
0.022565364837646484
0.014162063598632812
0.026801347732543945
0.014231443405151367
0.02264881134033203
0.014133930206298828
0.0225522518157959
0.014255285263061523
0.02263951301574707
0.014189004898071289
0.026480913162231445
0.014383792877197266
0.022527694702148438
0.014051437377929688
0.022708654403686523
0.037276506423950195
0.047286033630371094
0.012602090835571289
0.02324390411376953
0.014286279678344727
0.022656679153442383
0.014201641082763672
0.02273726463317871
0.014175653457641602
0.026705265045166016
0.013998985290527344
0.02255988121032715
0.014343023300170898
0.022383689880371094
0.014085531234741211
0.02272653579711914
0.014348506927490234
0.022684812545776367
0.014394283294677734
0.022762060165405273
0.014383554458618164
0.02278757095336914
0.014061450958251953
0.022673606872558594
0.014196395874023438
0.022505521774291992
0.014075756072998047
0.022532939910888672
0.014187097549438477
0.022735118865966797
0.014389991760253906
0.022496938705444336
0.014296293258666992
0.022691011428833008
0.014283180236816406
0.022754669189453125
0.014132022857666016
0.027428865432739258
0.01426839828491211
0.022305011749267578
0.014142274856567383
0.02254199981689453
0.014318704605102539
0.02278614044189453
0.014188766479492188
0.022478818893432617
0.014071941375732422
0.022545814514160156
0.014074087142944336
0.02289128303527832
0.014450311660766602
0.022516727447509766
0.014288902282714844
0.026616811752319336
0.01423954963684082
0.022551298141479492
0.014322757720947266
0.02251577377319336
0.01433563232421875
0.022565364837646484
0.01829385757446289
0.022641420364379883
0.014271259307861328
0.022561311721801758
0.014067411422729492
0.02267622947692871
0.03733015060424805
0.04791140556335449
0.012585639953613281
0.023374080657958984
0.014402151107788086
0.022669076919555664
0.014087438583374023
0.022606849670410156
0.014089345932006836
0.02270364761352539
0.014240026473999023
0.022425413131713867
0.01751422882080078
0.022478103637695312
0.014166831970214844
0.022655010223388672
0.014121532440185547
0.022791624069213867
0.014430761337280273
0.027417659759521484
0.01437687873840332
0.02277994155883789
0.018041610717773438
0.022684812545776367
0.014348030090332031
0.0227510929107666
0.014236688613891602
0.026674509048461914
0.014269351959228516
0.022888660430908203
0.014220476150512695
0.022566556930541992
0.014078617095947266
0.02250075340270996
0.014309167861938477
0.022815942764282227
0.014224052429199219
0.026610136032104492
0.014158248901367188
0.022601842880249023
0.013994216918945312
0.022675037384033203
0.014430522918701172
0.026868343353271484
0.01412653923034668
0.022626876831054688
0.014443397521972656
0.027490615844726562
0.01412820816040039
0.022647380828857422
0.014253616333007812
0.02253270149230957
0.01426076889038086
0.022791624069213867
0.014290809631347656
0.022738218307495117
0.0141143798828125
0.02245950698852539
0.014147043228149414
0.02706599235534668
0.014261007308959961
0.022579193115234375
0.013987302780151367
0.023450613021850586
0.014246225357055664
0.022485017776489258
0.03783226013183594
0.043674468994140625
0.0129241943359375
0.023255348205566406
0.014348506927490234
0.022740840911865234
0.01459813117980957
0.02278614044189453
0.014456033706665039
0.022745609283447266
0.014241933822631836
0.02281951904296875
0.014139890670776367
0.022733688354492188
0.014421224594116211
0.027308940887451172
0.014196634292602539
0.02247762680053711
0.014204263687133789
0.022675037384033203
0.014198780059814453
0.022895336151123047
0.014307260513305664
0.022530555725097656
0.014370203018188477
0.02272820472717285
0.014194011688232422
0.02672719955444336
0.014418363571166992
0.022413253784179688
0.014116764068603516
0.0223696231842041
0.01421666145324707
0.022571802139282227
0.01412510871887207
0.022619009017944336
0.014120101928710938
0.022571325302124023
0.014114141464233398
0.02242565155029297
0.014203071594238281
0.0226593017578125
0.014369010925292969
0.0226285457611084
0.014068126678466797
0.022691965103149414
0.01416468620300293
0.022510290145874023
0.014126062393188477
0.022572755813598633
0.014124870300292969
0.022552490234375
0.01415872573852539
0.02258157730102539
0.014275550842285156
0.0225369930267334
0.014040231704711914
0.02243828773498535
0.014241933822631836
0.022571563720703125
0.014353513717651367
0.02263927459716797
0.01412820816040039
0.02680063247680664
0.014041900634765625
0.022510528564453125
0.03767800331115723
0.043341636657714844
0.012792348861694336
0.02328634262084961
0.01435995101928711
0.02273869514465332
0.014329195022583008
0.02265787124633789
0.014128923416137695
0.022517681121826172
0.013983488082885742
0.02623128890991211
0.014249324798583984
0.02260565757751465
0.014325857162475586
0.022577524185180664
0.01421046257019043
0.027242660522460938
0.014204263687133789
0.02240896224975586
0.014379501342773438
0.022749900817871094
0.014223337173461914
0.02253413200378418
0.014576911926269531
0.022546052932739258
0.014312744140625
0.022500276565551758
0.014076948165893555
0.022471189498901367
0.014092683792114258
0.02241826057434082
0.014038324356079102
0.022603273391723633
0.014110326766967773
0.02258896827697754
0.01419973373413086
0.022386789321899414
0.014184713363647461
0.022406578063964844
0.014208555221557617
0.0228424072265625
0.014357328414916992
0.027175188064575195
0.014339923858642578
0.022408723831176758
0.014208316802978516
0.022582054138183594
0.013993501663208008
0.02262592315673828
0.014261484146118164
0.022473573684692383
0.014249563217163086
0.022847414016723633
0.014273881912231445
0.022724151611328125
0.018565654754638672
0.02248072624206543
0.014264822006225586
0.022476911544799805
0.014127254486083984
0.02257084846496582
0.014006853103637695
0.022615671157836914
0.014322042465209961
0.027064800262451172
0.03827857971191406
0.04390907287597656
0.012864351272583008
0.02376413345336914
0.014554023742675781
0.02321624755859375
0.014513492584228516
0.023139238357543945
0.014125823974609375
0.02693009376525879
0.014160871505737305
0.02265620231628418
0.014200210571289062
0.026837587356567383
0.014251232147216797
0.022474288940429688
0.014341592788696289
0.022444725036621094
0.014037132263183594
0.022588729858398438
0.014255762100219727
0.0268709659576416
0.014304876327514648
0.022600412368774414
0.014457941055297852
0.02252197265625
0.01420283317565918
0.022498607635498047
0.014023542404174805
0.022422075271606445
0.014175176620483398
0.028764724731445312
0.014191627502441406
0.022512435913085938
0.01425027847290039
0.02255415916442871
0.014037847518920898
0.022572755813598633
0.014243841171264648
0.02235245704650879
0.014273405075073242
0.022582292556762695
0.014124393463134766
0.022855520248413086
0.014366865158081055
0.026516199111938477
0.014333963394165039
0.022450685501098633
0.014112472534179688
0.022499799728393555
0.014322519302368164
0.022526025772094727
0.014197587966918945
0.023331642150878906
0.014329671859741211
0.02267909049987793
0.014370918273925781
0.022550106048583984
0.014258146286010742
0.02251124382019043
0.014183282852172852
0.02673792839050293
0.014087200164794922
0.022415876388549805
0.014236211776733398
0.022536277770996094
0.03767585754394531
0.04405927658081055
0.012813329696655273
0.023073196411132812
0.01423954963684082
0.02281475067138672
0.014311075210571289
0.022658586502075195
0.014114856719970703
0.026773452758789062
0.014325141906738281
0.022457361221313477
0.01411890983581543
0.022560596466064453
0.014117002487182617
0.02268242835998535
0.01422429084777832
0.022640466690063477
0.014373779296875
0.026732921600341797
0.014275312423706055
0.022900104522705078
0.014193534851074219
0.0227506160736084
0.014392375946044922
0.026903152465820312
0.014382362365722656
0.02251887321472168
0.014133453369140625
0.027441978454589844
0.01409912109375
0.022441864013671875
0.014203310012817383
0.022528409957885742
0.014192819595336914
0.02252936363220215
0.014104366302490234
0.022462844848632812
0.014059066772460938
0.022556304931640625
0.014133453369140625
0.022560834884643555
0.01810598373413086
0.022671937942504883
0.014312744140625
0.022530317306518555
0.014124155044555664
0.022556781768798828
0.014088869094848633
0.022446632385253906
0.014281988143920898
0.022692203521728516
0.018394947052001953
0.02277684211730957
0.014208316802978516
0.0228424072265625
0.01843738555908203
0.02356743812561035
0.014338254928588867
0.022810935974121094
0.015309333801269531
0.022803783416748047
0.01413416862487793
0.02255392074584961
0.014087438583374023
0.022592544555664062
0.0376429557800293
0.04342484474182129
0.01277613639831543
0.023083209991455078
0.014116525650024414
0.02270817756652832
0.014428138732910156
0.022715091705322266
0.014145135879516602
0.02250051498413086
0.014179229736328125
0.026533842086791992
0.014286041259765625
0.037511587142944336
0.014649152755737305
0.022984743118286133
0.01416158676147461
0.02594137191772461
0.014243841171264648
0.02255702018737793
0.01413726806640625
0.02290201187133789
0.014275789260864258
0.0225985050201416
0.014287233352661133
0.022472381591796875
0.014069318771362305
0.026868581771850586
0.014126300811767578
0.0224912166595459
0.014266014099121094
0.02251458168029785
0.014114856719970703
0.026899099349975586
0.014273881912231445
0.02258443832397461
0.014091253280639648
0.02250194549560547
0.01416158676147461
0.02255392074584961
0.014093637466430664
0.022678136825561523
0.01436161994934082
0.022626638412475586
0.014246463775634766
0.02622699737548828
0.014058828353881836
0.02242898941040039
0.014043092727661133
0.02259373664855957
0.01416468620300293
0.022562503814697266
0.014162063598632812
0.02289295196533203
0.014172077178955078
0.02272176742553711
0.013999462127685547
0.02233719825744629
0.013981819152832031
0.022615671157836914
0.014185667037963867
0.022673368453979492
0.013992786407470703
0.022548675537109375
0.01416778564453125
0.0224606990814209
0.037506818771362305
0.04693889617919922
0.012667655944824219
0.02320122718811035
0.014174699783325195
0.022623062133789062
0.014350652694702148
0.02266240119934082
0.014062881469726562
0.022633075714111328
0.014125823974609375
0.026576995849609375
0.014116048812866211
0.02243185043334961
0.014282941818237305
0.022347211837768555
0.014084577560424805
0.022629261016845703
0.01423788070678711
0.027211427688598633
0.014295339584350586
0.0227658748626709
0.01417994499206543
0.02246999740600586
0.014273881912231445
0.02267742156982422
0.014291048049926758
0.02704644203186035
0.014247655868530273
0.02247476577758789
0.014313459396362305
0.022454500198364258
0.014171361923217773
0.022629261016845703
0.014216423034667969
0.02636861801147461
0.014154195785522461
0.022442102432250977
0.014135360717773438
0.022428274154663086
0.014112710952758789
0.022793054580688477
0.014180183410644531
0.022745609283447266
0.014073610305786133
0.027752161026000977
0.01430368423461914
0.02767181396484375
0.014419078826904297
0.022754907608032227
0.014345645904541016
0.026974916458129883
0.014555215835571289
0.022923946380615234
0.01415109634399414
0.022574186325073242
0.014139175415039062
0.022423505783081055
0.018230915069580078
0.022713899612426758
0.01433420181274414
0.02254652976989746
0.014127254486083984
0.022528648376464844
0.014082670211791992
0.022569656372070312
0.03759598731994629
0.047759056091308594
0.012732982635498047
0.023270845413208008
0.014363527297973633
0.02265644073486328
0.014272928237915039
0.022704362869262695
0.014180421829223633
0.02259993553161621
0.014206171035766602
0.02740478515625
0.014235496520996094
0.022456884384155273
0.01417994499206543
0.02256464958190918
0.014036417007446289
0.022533178329467773
0.014237165451049805
0.022406816482543945
0.014276504516601562
0.02264237403869629
0.01419830322265625
0.022570371627807617
0.014284133911132812
0.022583484649658203
0.01418757438659668
0.022595882415771484
0.014102697372436523
0.022543907165527344
0.017943859100341797
0.022636890411376953
0.014383316040039062
0.02260136604309082
0.014212369918823242
0.022676467895507812
0.014175891876220703
0.026633501052856445
0.014257431030273438
0.0223391056060791
0.014153718948364258
0.022493362426757812
0.014065027236938477
0.02276134490966797
0.014177322387695312
0.02240276336669922
0.01432943344116211
0.022558927536010742
0.014074563980102539
0.022710561752319336
0.014258861541748047
0.022500991821289062
0.01422739028930664
0.02270650863647461
0.014158010482788086
0.0227205753326416
0.014239072799682617
0.02240586280822754
0.014157772064208984
0.026839733123779297
0.014348268508911133
0.022688865661621094
0.014071464538574219
0.0225067138671875
0.014104127883911133
0.022591114044189453
0.03722834587097168
0.0478971004486084
0.01268768310546875
0.023152828216552734
0.014667987823486328
0.022733688354492188
0.014173030853271484
0.022690296173095703
0.014261484146118164
0.022562265396118164
0.014294862747192383
0.02260112762451172
0.014148473739624023
0.027044296264648438
0.014068126678466797
0.022780179977416992
0.014317035675048828
0.02628159523010254
0.014232635498046875
0.022675514221191406
0.014285564422607422
0.022886991500854492
0.014172554016113281
0.027072668075561523
0.014355182647705078
0.022807598114013672
0.014271020889282227
0.026366233825683594
0.014296293258666992
0.02248692512512207
0.014299631118774414
0.022563934326171875
0.014296770095825195
0.027727603912353516
0.014155387878417969
0.022775650024414062
0.014266252517700195
0.027301549911499023
0.014296293258666992
0.022611379623413086
0.015006542205810547
0.022907495498657227
0.014506101608276367
0.02255988121032715
0.014193296432495117
0.022576093673706055
0.01447296142578125
0.022495508193969727
0.014218807220458984
0.022452116012573242
0.014116287231445312
0.02246570587158203
0.014144182205200195
0.02272820472717285
0.014257431030273438
0.022792577743530273
0.014351606369018555
0.02672886848449707
0.014059782028198242
0.022648334503173828
0.014350414276123047
0.022578954696655273
0.014219045639038086
0.02240276336669922
0.014091730117797852
0.027724742889404297
0.03801274299621582
0.04437398910522461
0.01282954216003418
0.023059844970703125
0.01426553726196289
0.02264690399169922
0.014232158660888672
0.022537708282470703
0.014107465744018555
0.022652626037597656
0.014013528823852539
0.02267742156982422
0.014045000076293945
0.026228666305541992
0.014174461364746094
0.02254176139831543
0.014241456985473633
0.022640466690063477
0.014388561248779297
0.022699594497680664
0.01430201530456543
0.026855945587158203
0.014179229736328125
0.02252030372619629
0.01426839828491211
0.022721290588378906
0.014085531234741211
0.022737503051757812
0.014356613159179688
0.02637791633605957
0.01434779167175293
0.022504329681396484
0.014182329177856445
0.023998260498046875
0.014348268508911133
0.02264094352722168
0.014054536819458008
0.022577524185180664
0.014299631118774414
0.027116060256958008
0.01421046257019043
0.02264857292175293
0.014252662658691406
0.02263474464416504
0.014102458953857422
0.022635459899902344
0.014449596405029297
0.022501230239868164
0.014268159866333008
0.022681713104248047
0.014196157455444336
0.028197765350341797
0.01424551010131836
0.022805213928222656
0.01418161392211914
0.02645397186279297
0.014291048049926758
0.02233290672302246
0.014227867126464844
0.022579193115234375
0.014300107955932617
0.022678852081298828
0.014215707778930664
0.022596359252929688
0.014393091201782227
0.022631168365478516
0.03767728805541992
0.047174692153930664
0.012737274169921875
0.022977352142333984
0.013844490051269531
0.022649288177490234
0.013870716094970703
0.022553443908691406
0.013998985290527344
0.022516727447509766
0.013851404190063477
0.022445201873779297
0.013752460479736328
0.022439956665039062
0.01391291618347168
0.026818037033081055
0.013856172561645508
0.022493362426757812
0.013930797576904297
0.022502660751342773
0.013939380645751953
0.022759437561035156
0.013913393020629883
0.026354551315307617
0.014799833297729492
0.02304816246032715
0.014156579971313477
0.027028799057006836
0.014158964157104492
0.022972822189331055
0.014140844345092773
0.027688980102539062
0.014286518096923828
0.022513628005981445
0.01394796371459961
0.02710723876953125
0.013816118240356445
0.02269434928894043
0.013997793197631836
0.022504329681396484
0.018245935440063477
0.02274942398071289
0.013950347900390625
0.02260756492614746
0.013782978057861328
0.022800922393798828
0.013979911804199219
0.02672100067138672
0.01406717300415039
0.022726774215698242
0.013974428176879883
0.02256631851196289
0.014126300811767578
0.022691011428833008
0.013848304748535156
0.026708364486694336
0.013927936553955078
0.02239847183227539
0.013858795166015625
0.02238011360168457
0.013871192932128906
0.02280735969543457
0.013851642608642578
0.02251577377319336
0.01385354995727539
0.02251458168029785
0.03712058067321777
0.003434896469116211
