6.34079915471375e-05
7.888703839853406e-05
6.741000106558204e-05
6.754300557076931e-05
6.538501475006342e-05
6.824900628998876e-05
6.637402111664414e-05
7.21589894965291e-05
6.183900404721498e-05
6.592296995222569e-05
6.11410359852016e-05
7.282302249222994e-05
7.27999722585082e-05
6.501498864963651e-05
6.827898323535919e-05
7.127004209905863e-05
6.492098327726126e-05
6.157701136544347e-05
7.28509621694684e-05
6.487098289653659e-05
6.104999920353293e-05
7.196201477199793e-05
7.262697909027338e-05
6.027397466823459e-05
6.556400330737233e-05
6.04019733145833e-05
6.610201671719551e-05
6.651203148066998e-05
6.611301796510816e-05
6.531801773235202e-05
7.307197665795684e-05
6.56040501780808e-05
