0.0007912690052762628
0.0007790870149619877
0.0007716349791735411
0.0010432639974169433
0.0008032770128920674
0.000792100967373699
0.0008029330056160688
0.0007414090214297175
0.0007593500195071101
0.0007704219897277653
0.000869118026457727
0.0008364139939658344
0.0008534310036338866
0.0008540640119463205
0.0008185910410247743
0.0009666969999670982
0.0008777600014582276
0.0008694520220160484
0.0008175880066119134
0.0009614019654691219
0.0008800699724815786
0.0008712850394658744
0.0008831989835016429
0.0008040560060180724
0.000787400989793241
0.0007952830055728555
0.0008545030141249299
0.0007772010285407305
0.0008560499991290271
0.0011234810226596892
0.0008371939766220748
0.0007125880219973624
