8.248002268373966e-05
0.0001105350092984736
0.00013061304343864322
0.00013563502579927444
0.00011616101255640388
0.0002065529697574675
0.00011351495049893856
0.00010344799375161529
0.00010855600703507662
9.868497727438807e-05
0.00010063202353194356
0.00011729303514584899
0.00010609999299049377
0.00011549098417162895
0.00011057796655222774
0.00013892102288082242
0.00011282699415460229
0.00011616304982453585
0.00010588596342131495
0.00011682900367304683
0.00011775997700169683
0.00010578596265986562
0.00011237902799621224
0.00010664801811799407
0.00012348295422270894
0.00011529901530593634
0.00011480296961963177
0.0001143700210377574
0.00010999204823747277
0.00010630703764036298
0.00013069802662357688
0.00014258903684094548
0.00014076498337090015
0.00012362399138510227
0.00013143400428816676
0.00011883897241204977
0.00011643802281469107
0.00012615800369530916
0.00013228901661932468
0.00011277897283434868
0.00010485498933121562
9.689200669527054e-05
9.464897448197007e-05
0.00010654999641701579
0.00011201697634533048
0.00013478501932695508
0.00011948402971029282
0.00012433098163455725
0.00010475300950929523
0.00011868099682033062
0.00010811100946739316
0.00011852598981931806
0.0004395010182633996
0.0001210900372825563
0.00011719099711626768
0.00010890699923038483
0.00011126702884212136
0.00012452300870791078
0.00012053601676598191
0.00012231396976858377
0.0001180680119432509
9.426200995221734e-05
9.660294745117426e-05
9.625399252399802e-05
