0.2449086819542572
0.05796699901111424
0.056781050050631166
0.05730686895549297
0.06406843703007326
0.057443897996563464
0.05681457999162376
0.05563229200197384
0.05805542698362842
0.0556475089979358
0.056030535022728145
0.0579115700093098
0.056066646007820964
0.05673100700369105
0.05722386098932475
0.05699777603149414
0.05670830700546503
0.05600470397621393
0.036737661983352154
0.03643235797062516
0.040383536950685084
0.03737175202695653
0.037222769984509796
0.03682656300952658
0.03676487196935341
0.03627993498230353
0.0385999939753674
0.036783048999495804
0.03674970899010077
0.036611596995498985
0.0366195630049333
0.036043079977389425
0.010381633997894824
0.004506438039243221
0.004537183966021985
0.004514879023190588
0.004553290025796741
0.00442135805496946
0.0044722239836119115
0.004464465950150043
0.004508721001911908
0.004555497958790511
0.004437530995346606
0.004437805968336761
0.004341275023762137
0.004459697986021638
0.004510330967605114
0.004403487022500485
0.0043364440207369626
0.00445889396360144
0.0045922790304757655
0.004355547949671745
0.004423557955306023
0.004438354982994497
0.004532766004558653
0.004419550998136401
0.004320061998441815
0.004535406013019383
0.004662766994442791
0.00443598598940298
0.004453179019037634
0.004352260031737387
0.004318021994549781
0.004327716014813632
